det_vals =

  Columns 1 through 19

    0.8016    0.8776    0.9078    0.9289    0.9449    0.9566    0.9658    0.9735    0.9801    0.9859    0.9909    0.9954    0.9992    1.0024    1.0055    1.0087    1.0118    1.0149    1.0180

  Columns 20 through 38

    1.0211    1.0242    1.0274    1.0304    1.0336    1.0367    1.0398    1.0429    1.0460    1.0492    1.0523    1.0555    1.0587    1.0620    1.0653    1.0686    1.0720    1.0755    1.0791

  Columns 39 through 50

    1.0828    1.0868    1.0910    1.0955    1.1007    1.1064    1.1127    1.1200    1.1291    1.1417    1.1609    1.2959
