
val = [0.00010339718499766131, 0.012120651900311929, 0.013615971394486111, 0.021789382371955646, 0.10425294590787075, 0.008743386841206768, 0.05951718494835217, 0.07016857130297104, 0.0018175077163410025, 0.0072584628782795205, 0.01056811941502074, 0.020650380171346246, 0.027903372198862433, 0.05056292166725873, 0.036014165270487224, 0.00010190637659164652, 0.00019177761226610039, 1.2201677958504657e-05, 0.00867319107838751, 0.00544540868027909, 0.00890558898931561, 0.011010667119191415, 0.00576982499623245, 0.01269505158468288, 0.02480378607196308, 0.003908131612764515, 0.004053102199853716, 0.033714178952178035, 0.03480374000045583, 0.043551896024477225, 0.0409208984011609, 0.00636972721401067, 0.008216971442859706, 0.0025642410344574314, 0.01913925568557302, 0.0029270721825295962, 0.003671389533518572]

pathway = {'/nfs/masi/kanakap/projects/LR_tract/MASiVar_kids/sub-cIVs001/ses-s1Bx2/tracto_op_1_Lest/bundles/sub-cIVs001_ses-s1Bx2__AC_cleaned.trk';
 '/nfs/masi/kanakap/projects/LR_tract/MASiVar_kids/sub-cIVs001/ses-s1Bx2/tracto_op_1_Lest/bundles/sub-cIVs001_ses-s1Bx2__AF_L_cleaned.trk';
 '/nfs/masi/kanakap/projects/LR_tract/MASiVar_kids/sub-cIVs001/ses-s1Bx2/tracto_op_1_Lest/bundles/sub-cIVs001_ses-s1Bx2__AF_R_cleaned.trk';
 '/nfs/masi/kanakap/projects/LR_tract/MASiVar_kids/sub-cIVs001/ses-s1Bx2/tracto_op_1_Lest/bundles/sub-cIVs001_ses-s1Bx2__CC_Fr_1_cleaned.trk';
 '/nfs/masi/kanakap/projects/LR_tract/MASiVar_kids/sub-cIVs001/ses-s1Bx2/tracto_op_1_Lest/bundles/sub-cIVs001_ses-s1Bx2__CC_Fr_2_cleaned.trk';
 '/nfs/masi/kanakap/projects/LR_tract/MASiVar_kids/sub-cIVs001/ses-s1Bx2/tracto_op_1_Lest/bundles/sub-cIVs001_ses-s1Bx2__CC_Oc_cleaned.trk';
 '/nfs/masi/kanakap/projects/LR_tract/MASiVar_kids/sub-cIVs001/ses-s1Bx2/tracto_op_1_Lest/bundles/sub-cIVs001_ses-s1Bx2__CC_Pa_cleaned.trk';
 '/nfs/masi/kanakap/projects/LR_tract/MASiVar_kids/sub-cIVs001/ses-s1Bx2/tracto_op_1_Lest/bundles/sub-cIVs001_ses-s1Bx2__CC_Pr_Po_cleaned.trk';
 '/nfs/masi/kanakap/projects/LR_tract/MASiVar_kids/sub-cIVs001/ses-s1Bx2/tracto_op_1_Lest/bundles/sub-cIVs001_ses-s1Bx2__CC_Te_cleaned.trk';
 '/nfs/masi/kanakap/projects/LR_tract/MASiVar_kids/sub-cIVs001/ses-s1Bx2/tracto_op_1_Lest/bundles/sub-cIVs001_ses-s1Bx2__CG_L_cleaned.trk';
 '/nfs/masi/kanakap/projects/LR_tract/MASiVar_kids/sub-cIVs001/ses-s1Bx2/tracto_op_1_Lest/bundles/sub-cIVs001_ses-s1Bx2__CG_R_cleaned.trk';
 '/nfs/masi/kanakap/projects/LR_tract/MASiVar_kids/sub-cIVs001/ses-s1Bx2/tracto_op_1_Lest/bundles/sub-cIVs001_ses-s1Bx2__FAT_L_cleaned.trk';
 '/nfs/masi/kanakap/projects/LR_tract/MASiVar_kids/sub-cIVs001/ses-s1Bx2/tracto_op_1_Lest/bundles/sub-cIVs001_ses-s1Bx2__FAT_R_cleaned.trk';
 '/nfs/masi/kanakap/projects/LR_tract/MASiVar_kids/sub-cIVs001/ses-s1Bx2/tracto_op_1_Lest/bundles/sub-cIVs001_ses-s1Bx2__FPT_L_cleaned.trk';
 '/nfs/masi/kanakap/projects/LR_tract/MASiVar_kids/sub-cIVs001/ses-s1Bx2/tracto_op_1_Lest/bundles/sub-cIVs001_ses-s1Bx2__FPT_R_cleaned.trk';
 '/nfs/masi/kanakap/projects/LR_tract/MASiVar_kids/sub-cIVs001/ses-s1Bx2/tracto_op_1_Lest/bundles/sub-cIVs001_ses-s1Bx2__FX_L_cleaned.trk';
 '/nfs/masi/kanakap/projects/LR_tract/MASiVar_kids/sub-cIVs001/ses-s1Bx2/tracto_op_1_Lest/bundles/sub-cIVs001_ses-s1Bx2__FX_R_cleaned.trk';
 '/nfs/masi/kanakap/projects/LR_tract/MASiVar_kids/sub-cIVs001/ses-s1Bx2/tracto_op_1_Lest/bundles/sub-cIVs001_ses-s1Bx2__ICP_R_cleaned.trk';
 '/nfs/masi/kanakap/projects/LR_tract/MASiVar_kids/sub-cIVs001/ses-s1Bx2/tracto_op_1_Lest/bundles/sub-cIVs001_ses-s1Bx2__IFOF_L_cleaned.trk';
 '/nfs/masi/kanakap/projects/LR_tract/MASiVar_kids/sub-cIVs001/ses-s1Bx2/tracto_op_1_Lest/bundles/sub-cIVs001_ses-s1Bx2__IFOF_R_cleaned.trk';
 '/nfs/masi/kanakap/projects/LR_tract/MASiVar_kids/sub-cIVs001/ses-s1Bx2/tracto_op_1_Lest/bundles/sub-cIVs001_ses-s1Bx2__ILF_L_cleaned.trk';
 '/nfs/masi/kanakap/projects/LR_tract/MASiVar_kids/sub-cIVs001/ses-s1Bx2/tracto_op_1_Lest/bundles/sub-cIVs001_ses-s1Bx2__ILF_R_cleaned.trk';
 '/nfs/masi/kanakap/projects/LR_tract/MASiVar_kids/sub-cIVs001/ses-s1Bx2/tracto_op_1_Lest/bundles/sub-cIVs001_ses-s1Bx2__MCP_cleaned.trk';
 '/nfs/masi/kanakap/projects/LR_tract/MASiVar_kids/sub-cIVs001/ses-s1Bx2/tracto_op_1_Lest/bundles/sub-cIVs001_ses-s1Bx2__MdLF_L_cleaned.trk';
 '/nfs/masi/kanakap/projects/LR_tract/MASiVar_kids/sub-cIVs001/ses-s1Bx2/tracto_op_1_Lest/bundles/sub-cIVs001_ses-s1Bx2__MdLF_R_cleaned.trk';
 '/nfs/masi/kanakap/projects/LR_tract/MASiVar_kids/sub-cIVs001/ses-s1Bx2/tracto_op_1_Lest/bundles/sub-cIVs001_ses-s1Bx2__OR_ML_L_cleaned.trk';
 '/nfs/masi/kanakap/projects/LR_tract/MASiVar_kids/sub-cIVs001/ses-s1Bx2/tracto_op_1_Lest/bundles/sub-cIVs001_ses-s1Bx2__OR_ML_R_cleaned.trk';
 '/nfs/masi/kanakap/projects/LR_tract/MASiVar_kids/sub-cIVs001/ses-s1Bx2/tracto_op_1_Lest/bundles/sub-cIVs001_ses-s1Bx2__POPT_L_cleaned.trk';
 '/nfs/masi/kanakap/projects/LR_tract/MASiVar_kids/sub-cIVs001/ses-s1Bx2/tracto_op_1_Lest/bundles/sub-cIVs001_ses-s1Bx2__POPT_R_cleaned.trk';
 '/nfs/masi/kanakap/projects/LR_tract/MASiVar_kids/sub-cIVs001/ses-s1Bx2/tracto_op_1_Lest/bundles/sub-cIVs001_ses-s1Bx2__PYT_L_cleaned.trk';
 '/nfs/masi/kanakap/projects/LR_tract/MASiVar_kids/sub-cIVs001/ses-s1Bx2/tracto_op_1_Lest/bundles/sub-cIVs001_ses-s1Bx2__PYT_R_cleaned.trk';
 '/nfs/masi/kanakap/projects/LR_tract/MASiVar_kids/sub-cIVs001/ses-s1Bx2/tracto_op_1_Lest/bundles/sub-cIVs001_ses-s1Bx2__SCP_L_cleaned.trk';
 '/nfs/masi/kanakap/projects/LR_tract/MASiVar_kids/sub-cIVs001/ses-s1Bx2/tracto_op_1_Lest/bundles/sub-cIVs001_ses-s1Bx2__SCP_R_cleaned.trk';
 '/nfs/masi/kanakap/projects/LR_tract/MASiVar_kids/sub-cIVs001/ses-s1Bx2/tracto_op_1_Lest/bundles/sub-cIVs001_ses-s1Bx2__SLF_L_cleaned.trk';
 '/nfs/masi/kanakap/projects/LR_tract/MASiVar_kids/sub-cIVs001/ses-s1Bx2/tracto_op_1_Lest/bundles/sub-cIVs001_ses-s1Bx2__SLF_R_cleaned.trk';
 '/nfs/masi/kanakap/projects/LR_tract/MASiVar_kids/sub-cIVs001/ses-s1Bx2/tracto_op_1_Lest/bundles/sub-cIVs001_ses-s1Bx2__UF_L_cleaned.trk';
 '/nfs/masi/kanakap/projects/LR_tract/MASiVar_kids/sub-cIVs001/ses-s1Bx2/tracto_op_1_Lest/bundles/sub-cIVs001_ses-s1Bx2__UF_R_cleaned.trk'};

