val = [0.0048190681575074204, 0.005871774081318042, 0.013088410462976504, 0.0032382300724566613, 0.030846417200858744, 0.007132894644310438, 0.013310529032864785, 0.02254121163581669, 0.020400464598369274, 0.002971729624841877, 4.130344032370612e-06, 0.04532042566924708, 0.011441773569359227, 0.009169324496013133, 0.00011462698765673039, 0.004348264935265939, 0.001666863065444732, 0.008758486965176416, 0.018814740952340203, 0.013105288864365428, 0.0026697266451377734, 0.010957530247936699, 0.019307985160217533, 0.00732963549235665, 0.011300676910102463, 0.013129540741892258, 8.121547059833753e-05, 0.017500852321396247, 0.0031435148144517773, 0.003925272767499368, 0.025265853504891415, 3.6969116723801704e-05, 0.01056960398789816, 0.007519607825279417, 0.0158906417497013, 0.001051876463766279, 0.0048128828907996095]


pathway = {'/nfs/masi/kanakap/projects/LR_tract/MASiVar_kids/sub-cIVs001/ses-s1Bx2/tracto_op_1_Lest/bundles/sub-cIVs001_ses-s1Bx2__AC_cleaned.trk';
 '/nfs/masi/kanakap/projects/LR_tract/MASiVar_kids/sub-cIVs001/ses-s1Bx2/tracto_op_1_Lest/bundles/sub-cIVs001_ses-s1Bx2__AF_L_cleaned.trk';
 '/nfs/masi/kanakap/projects/LR_tract/MASiVar_kids/sub-cIVs001/ses-s1Bx2/tracto_op_1_Lest/bundles/sub-cIVs001_ses-s1Bx2__AF_R_cleaned.trk';
 '/nfs/masi/kanakap/projects/LR_tract/MASiVar_kids/sub-cIVs001/ses-s1Bx2/tracto_op_1_Lest/bundles/sub-cIVs001_ses-s1Bx2__CC_Fr_1_cleaned.trk';
 '/nfs/masi/kanakap/projects/LR_tract/MASiVar_kids/sub-cIVs001/ses-s1Bx2/tracto_op_1_Lest/bundles/sub-cIVs001_ses-s1Bx2__CC_Fr_2_cleaned.trk';
 '/nfs/masi/kanakap/projects/LR_tract/MASiVar_kids/sub-cIVs001/ses-s1Bx2/tracto_op_1_Lest/bundles/sub-cIVs001_ses-s1Bx2__CC_Oc_cleaned.trk';
 '/nfs/masi/kanakap/projects/LR_tract/MASiVar_kids/sub-cIVs001/ses-s1Bx2/tracto_op_1_Lest/bundles/sub-cIVs001_ses-s1Bx2__CC_Pa_cleaned.trk';
 '/nfs/masi/kanakap/projects/LR_tract/MASiVar_kids/sub-cIVs001/ses-s1Bx2/tracto_op_1_Lest/bundles/sub-cIVs001_ses-s1Bx2__CC_Pr_Po_cleaned.trk';
 '/nfs/masi/kanakap/projects/LR_tract/MASiVar_kids/sub-cIVs001/ses-s1Bx2/tracto_op_1_Lest/bundles/sub-cIVs001_ses-s1Bx2__CC_Te_cleaned.trk';
 '/nfs/masi/kanakap/projects/LR_tract/MASiVar_kids/sub-cIVs001/ses-s1Bx2/tracto_op_1_Lest/bundles/sub-cIVs001_ses-s1Bx2__CG_L_cleaned.trk';
 '/nfs/masi/kanakap/projects/LR_tract/MASiVar_kids/sub-cIVs001/ses-s1Bx2/tracto_op_1_Lest/bundles/sub-cIVs001_ses-s1Bx2__CG_R_cleaned.trk';
 '/nfs/masi/kanakap/projects/LR_tract/MASiVar_kids/sub-cIVs001/ses-s1Bx2/tracto_op_1_Lest/bundles/sub-cIVs001_ses-s1Bx2__FAT_L_cleaned.trk';
 '/nfs/masi/kanakap/projects/LR_tract/MASiVar_kids/sub-cIVs001/ses-s1Bx2/tracto_op_1_Lest/bundles/sub-cIVs001_ses-s1Bx2__FAT_R_cleaned.trk';
 '/nfs/masi/kanakap/projects/LR_tract/MASiVar_kids/sub-cIVs001/ses-s1Bx2/tracto_op_1_Lest/bundles/sub-cIVs001_ses-s1Bx2__FPT_L_cleaned.trk';
 '/nfs/masi/kanakap/projects/LR_tract/MASiVar_kids/sub-cIVs001/ses-s1Bx2/tracto_op_1_Lest/bundles/sub-cIVs001_ses-s1Bx2__FPT_R_cleaned.trk';
 '/nfs/masi/kanakap/projects/LR_tract/MASiVar_kids/sub-cIVs001/ses-s1Bx2/tracto_op_1_Lest/bundles/sub-cIVs001_ses-s1Bx2__FX_L_cleaned.trk';
 '/nfs/masi/kanakap/projects/LR_tract/MASiVar_kids/sub-cIVs001/ses-s1Bx2/tracto_op_1_Lest/bundles/sub-cIVs001_ses-s1Bx2__FX_R_cleaned.trk';
 '/nfs/masi/kanakap/projects/LR_tract/MASiVar_kids/sub-cIVs001/ses-s1Bx2/tracto_op_1_Lest/bundles/sub-cIVs001_ses-s1Bx2__ICP_R_cleaned.trk';
 '/nfs/masi/kanakap/projects/LR_tract/MASiVar_kids/sub-cIVs001/ses-s1Bx2/tracto_op_1_Lest/bundles/sub-cIVs001_ses-s1Bx2__IFOF_L_cleaned.trk';
 '/nfs/masi/kanakap/projects/LR_tract/MASiVar_kids/sub-cIVs001/ses-s1Bx2/tracto_op_1_Lest/bundles/sub-cIVs001_ses-s1Bx2__IFOF_R_cleaned.trk';
 '/nfs/masi/kanakap/projects/LR_tract/MASiVar_kids/sub-cIVs001/ses-s1Bx2/tracto_op_1_Lest/bundles/sub-cIVs001_ses-s1Bx2__ILF_L_cleaned.trk';
 '/nfs/masi/kanakap/projects/LR_tract/MASiVar_kids/sub-cIVs001/ses-s1Bx2/tracto_op_1_Lest/bundles/sub-cIVs001_ses-s1Bx2__ILF_R_cleaned.trk';
 '/nfs/masi/kanakap/projects/LR_tract/MASiVar_kids/sub-cIVs001/ses-s1Bx2/tracto_op_1_Lest/bundles/sub-cIVs001_ses-s1Bx2__MCP_cleaned.trk';
 '/nfs/masi/kanakap/projects/LR_tract/MASiVar_kids/sub-cIVs001/ses-s1Bx2/tracto_op_1_Lest/bundles/sub-cIVs001_ses-s1Bx2__MdLF_L_cleaned.trk';
 '/nfs/masi/kanakap/projects/LR_tract/MASiVar_kids/sub-cIVs001/ses-s1Bx2/tracto_op_1_Lest/bundles/sub-cIVs001_ses-s1Bx2__MdLF_R_cleaned.trk';
 '/nfs/masi/kanakap/projects/LR_tract/MASiVar_kids/sub-cIVs001/ses-s1Bx2/tracto_op_1_Lest/bundles/sub-cIVs001_ses-s1Bx2__OR_ML_L_cleaned.trk';
 '/nfs/masi/kanakap/projects/LR_tract/MASiVar_kids/sub-cIVs001/ses-s1Bx2/tracto_op_1_Lest/bundles/sub-cIVs001_ses-s1Bx2__OR_ML_R_cleaned.trk';
 '/nfs/masi/kanakap/projects/LR_tract/MASiVar_kids/sub-cIVs001/ses-s1Bx2/tracto_op_1_Lest/bundles/sub-cIVs001_ses-s1Bx2__POPT_L_cleaned.trk';
 '/nfs/masi/kanakap/projects/LR_tract/MASiVar_kids/sub-cIVs001/ses-s1Bx2/tracto_op_1_Lest/bundles/sub-cIVs001_ses-s1Bx2__POPT_R_cleaned.trk';
 '/nfs/masi/kanakap/projects/LR_tract/MASiVar_kids/sub-cIVs001/ses-s1Bx2/tracto_op_1_Lest/bundles/sub-cIVs001_ses-s1Bx2__PYT_L_cleaned.trk';
 '/nfs/masi/kanakap/projects/LR_tract/MASiVar_kids/sub-cIVs001/ses-s1Bx2/tracto_op_1_Lest/bundles/sub-cIVs001_ses-s1Bx2__PYT_R_cleaned.trk';
 '/nfs/masi/kanakap/projects/LR_tract/MASiVar_kids/sub-cIVs001/ses-s1Bx2/tracto_op_1_Lest/bundles/sub-cIVs001_ses-s1Bx2__SCP_L_cleaned.trk';
 '/nfs/masi/kanakap/projects/LR_tract/MASiVar_kids/sub-cIVs001/ses-s1Bx2/tracto_op_1_Lest/bundles/sub-cIVs001_ses-s1Bx2__SCP_R_cleaned.trk';
 '/nfs/masi/kanakap/projects/LR_tract/MASiVar_kids/sub-cIVs001/ses-s1Bx2/tracto_op_1_Lest/bundles/sub-cIVs001_ses-s1Bx2__SLF_L_cleaned.trk';
 '/nfs/masi/kanakap/projects/LR_tract/MASiVar_kids/sub-cIVs001/ses-s1Bx2/tracto_op_1_Lest/bundles/sub-cIVs001_ses-s1Bx2__SLF_R_cleaned.trk';
 '/nfs/masi/kanakap/projects/LR_tract/MASiVar_kids/sub-cIVs001/ses-s1Bx2/tracto_op_1_Lest/bundles/sub-cIVs001_ses-s1Bx2__UF_L_cleaned.trk';
 '/nfs/masi/kanakap/projects/LR_tract/MASiVar_kids/sub-cIVs001/ses-s1Bx2/tracto_op_1_Lest/bundles/sub-cIVs001_ses-s1Bx2__UF_R_cleaned.trk'};

