
val = [0.00016150329869428232, 0.014495791696024536, 0.02012239114137505, 0.05672892601299034, 0.07155766809675063, 0.01543126525807235, 0.036257553788347836, 0.030204065471858395, 0.0018801924097770805, 0.0047870908801593715, 0.01007008739085518, 0.019892574531414933, 0.03394759714314804, 0.032557766193634194, 0.03556952082646673, 5.70090022631341e-05, 0.00014854885831542218, 8.213367218315078e-06, 0.01918804513553396, 0.011264457449201277, 0.014128351617647597, 0.017303373155868662, 0.004166448449298198, 0.011395009248858159, 0.024707351292233927, 0.006921285460315646, 0.007873419017721851, 0.019663494409949276, 0.01794185364747218, 0.020461003525764028, 0.021597075245555746, 0.003792979833041505, 0.006839503480403965, 0.002334741425716404, 0.027955573960977097, 0.006276272261584973, 0.006400064644373441];

pathway = {'/nfs/masi/kanakap/projects/LR_tract/MASiVar_kids/sub-cIVs001/ses-s1Bx2/tracto_op_1_Lest/bundles/sub-cIVs001_ses-s1Bx2__AC_cleaned.trk';
 '/nfs/masi/kanakap/projects/LR_tract/MASiVar_kids/sub-cIVs001/ses-s1Bx2/tracto_op_1_Lest/bundles/sub-cIVs001_ses-s1Bx2__AF_L_cleaned.trk';
 '/nfs/masi/kanakap/projects/LR_tract/MASiVar_kids/sub-cIVs001/ses-s1Bx2/tracto_op_1_Lest/bundles/sub-cIVs001_ses-s1Bx2__AF_R_cleaned.trk';
 '/nfs/masi/kanakap/projects/LR_tract/MASiVar_kids/sub-cIVs001/ses-s1Bx2/tracto_op_1_Lest/bundles/sub-cIVs001_ses-s1Bx2__CC_Fr_1_cleaned.trk';
 '/nfs/masi/kanakap/projects/LR_tract/MASiVar_kids/sub-cIVs001/ses-s1Bx2/tracto_op_1_Lest/bundles/sub-cIVs001_ses-s1Bx2__CC_Fr_2_cleaned.trk';
 '/nfs/masi/kanakap/projects/LR_tract/MASiVar_kids/sub-cIVs001/ses-s1Bx2/tracto_op_1_Lest/bundles/sub-cIVs001_ses-s1Bx2__CC_Oc_cleaned.trk';
 '/nfs/masi/kanakap/projects/LR_tract/MASiVar_kids/sub-cIVs001/ses-s1Bx2/tracto_op_1_Lest/bundles/sub-cIVs001_ses-s1Bx2__CC_Pa_cleaned.trk';
 '/nfs/masi/kanakap/projects/LR_tract/MASiVar_kids/sub-cIVs001/ses-s1Bx2/tracto_op_1_Lest/bundles/sub-cIVs001_ses-s1Bx2__CC_Pr_Po_cleaned.trk';
 '/nfs/masi/kanakap/projects/LR_tract/MASiVar_kids/sub-cIVs001/ses-s1Bx2/tracto_op_1_Lest/bundles/sub-cIVs001_ses-s1Bx2__CC_Te_cleaned.trk';
 '/nfs/masi/kanakap/projects/LR_tract/MASiVar_kids/sub-cIVs001/ses-s1Bx2/tracto_op_1_Lest/bundles/sub-cIVs001_ses-s1Bx2__CG_L_cleaned.trk';
 '/nfs/masi/kanakap/projects/LR_tract/MASiVar_kids/sub-cIVs001/ses-s1Bx2/tracto_op_1_Lest/bundles/sub-cIVs001_ses-s1Bx2__CG_R_cleaned.trk';
 '/nfs/masi/kanakap/projects/LR_tract/MASiVar_kids/sub-cIVs001/ses-s1Bx2/tracto_op_1_Lest/bundles/sub-cIVs001_ses-s1Bx2__FAT_L_cleaned.trk';
 '/nfs/masi/kanakap/projects/LR_tract/MASiVar_kids/sub-cIVs001/ses-s1Bx2/tracto_op_1_Lest/bundles/sub-cIVs001_ses-s1Bx2__FAT_R_cleaned.trk';
 '/nfs/masi/kanakap/projects/LR_tract/MASiVar_kids/sub-cIVs001/ses-s1Bx2/tracto_op_1_Lest/bundles/sub-cIVs001_ses-s1Bx2__FPT_L_cleaned.trk';
 '/nfs/masi/kanakap/projects/LR_tract/MASiVar_kids/sub-cIVs001/ses-s1Bx2/tracto_op_1_Lest/bundles/sub-cIVs001_ses-s1Bx2__FPT_R_cleaned.trk';
 '/nfs/masi/kanakap/projects/LR_tract/MASiVar_kids/sub-cIVs001/ses-s1Bx2/tracto_op_1_Lest/bundles/sub-cIVs001_ses-s1Bx2__FX_L_cleaned.trk';
 '/nfs/masi/kanakap/projects/LR_tract/MASiVar_kids/sub-cIVs001/ses-s1Bx2/tracto_op_1_Lest/bundles/sub-cIVs001_ses-s1Bx2__FX_R_cleaned.trk';
 '/nfs/masi/kanakap/projects/LR_tract/MASiVar_kids/sub-cIVs001/ses-s1Bx2/tracto_op_1_Lest/bundles/sub-cIVs001_ses-s1Bx2__ICP_R_cleaned.trk';
 '/nfs/masi/kanakap/projects/LR_tract/MASiVar_kids/sub-cIVs001/ses-s1Bx2/tracto_op_1_Lest/bundles/sub-cIVs001_ses-s1Bx2__IFOF_L_cleaned.trk';
 '/nfs/masi/kanakap/projects/LR_tract/MASiVar_kids/sub-cIVs001/ses-s1Bx2/tracto_op_1_Lest/bundles/sub-cIVs001_ses-s1Bx2__IFOF_R_cleaned.trk';
 '/nfs/masi/kanakap/projects/LR_tract/MASiVar_kids/sub-cIVs001/ses-s1Bx2/tracto_op_1_Lest/bundles/sub-cIVs001_ses-s1Bx2__ILF_L_cleaned.trk';
 '/nfs/masi/kanakap/projects/LR_tract/MASiVar_kids/sub-cIVs001/ses-s1Bx2/tracto_op_1_Lest/bundles/sub-cIVs001_ses-s1Bx2__ILF_R_cleaned.trk';
 '/nfs/masi/kanakap/projects/LR_tract/MASiVar_kids/sub-cIVs001/ses-s1Bx2/tracto_op_1_Lest/bundles/sub-cIVs001_ses-s1Bx2__MCP_cleaned.trk';
 '/nfs/masi/kanakap/projects/LR_tract/MASiVar_kids/sub-cIVs001/ses-s1Bx2/tracto_op_1_Lest/bundles/sub-cIVs001_ses-s1Bx2__MdLF_L_cleaned.trk';
 '/nfs/masi/kanakap/projects/LR_tract/MASiVar_kids/sub-cIVs001/ses-s1Bx2/tracto_op_1_Lest/bundles/sub-cIVs001_ses-s1Bx2__MdLF_R_cleaned.trk';
 '/nfs/masi/kanakap/projects/LR_tract/MASiVar_kids/sub-cIVs001/ses-s1Bx2/tracto_op_1_Lest/bundles/sub-cIVs001_ses-s1Bx2__OR_ML_L_cleaned.trk';
 '/nfs/masi/kanakap/projects/LR_tract/MASiVar_kids/sub-cIVs001/ses-s1Bx2/tracto_op_1_Lest/bundles/sub-cIVs001_ses-s1Bx2__OR_ML_R_cleaned.trk';
 '/nfs/masi/kanakap/projects/LR_tract/MASiVar_kids/sub-cIVs001/ses-s1Bx2/tracto_op_1_Lest/bundles/sub-cIVs001_ses-s1Bx2__POPT_L_cleaned.trk';
 '/nfs/masi/kanakap/projects/LR_tract/MASiVar_kids/sub-cIVs001/ses-s1Bx2/tracto_op_1_Lest/bundles/sub-cIVs001_ses-s1Bx2__POPT_R_cleaned.trk';
 '/nfs/masi/kanakap/projects/LR_tract/MASiVar_kids/sub-cIVs001/ses-s1Bx2/tracto_op_1_Lest/bundles/sub-cIVs001_ses-s1Bx2__PYT_L_cleaned.trk';
 '/nfs/masi/kanakap/projects/LR_tract/MASiVar_kids/sub-cIVs001/ses-s1Bx2/tracto_op_1_Lest/bundles/sub-cIVs001_ses-s1Bx2__PYT_R_cleaned.trk';
 '/nfs/masi/kanakap/projects/LR_tract/MASiVar_kids/sub-cIVs001/ses-s1Bx2/tracto_op_1_Lest/bundles/sub-cIVs001_ses-s1Bx2__SCP_L_cleaned.trk';
 '/nfs/masi/kanakap/projects/LR_tract/MASiVar_kids/sub-cIVs001/ses-s1Bx2/tracto_op_1_Lest/bundles/sub-cIVs001_ses-s1Bx2__SCP_R_cleaned.trk';
 '/nfs/masi/kanakap/projects/LR_tract/MASiVar_kids/sub-cIVs001/ses-s1Bx2/tracto_op_1_Lest/bundles/sub-cIVs001_ses-s1Bx2__SLF_L_cleaned.trk';
 '/nfs/masi/kanakap/projects/LR_tract/MASiVar_kids/sub-cIVs001/ses-s1Bx2/tracto_op_1_Lest/bundles/sub-cIVs001_ses-s1Bx2__SLF_R_cleaned.trk';
 '/nfs/masi/kanakap/projects/LR_tract/MASiVar_kids/sub-cIVs001/ses-s1Bx2/tracto_op_1_Lest/bundles/sub-cIVs001_ses-s1Bx2__UF_L_cleaned.trk';
 '/nfs/masi/kanakap/projects/LR_tract/MASiVar_kids/sub-cIVs001/ses-s1Bx2/tracto_op_1_Lest/bundles/sub-cIVs001_ses-s1Bx2__UF_R_cleaned.trk'};

