
val = [0.009858890759375745, 0.015239658027025111, 0.00230461738772151, 0.010574162964912216, 0.0023230424576777967, 6.336520598880955e-05, 0.007880271149493022, 0.011207993367984545, 0.0015537409617584423, 0.002689751223669229, 0.012266629155141116, 0.0039275192138837605, 0.004506595550786505, 0.0017420144221372382, 0.005481128863322273, 0.008093803733496606, 0.0005307130753840669, 0.0012333243828360548, 0.005702751741717886, 0.007398784971661067, 0.021020837278371406, 0.00044575492324943846, 0.006419207361884474, 0.01222662462658012, 0.002483954149159391, 0.0028492229422683035, 0.005901282145007889, 0.007658151332940495, 0.008552871998161028, 0.005332071672516632, 0.0013059111923036581, 0.044145996872243104, 0.013892055605542986, 0.0024345307374825658, 0.0072360013517718215, 0.004005810271773451, 0.008175318333100728, 0.005402250792204549, 0.014654032584421465, 0.004020531856982343, 0.007092969628950478, 0.003970736483146349, 0.006802747559585684, 0.016204145322836486, 0.0038291311003900512, 0.02410551000588363, 0.006918759544911083, 0.008999925852440705, 0.001892784448369541, 0.0026882669142054613, 0.0072324740321149505, 0.09759506133316163, 0.012110803206084436, 0.006969016309934353, 0.021530435350166043, 0.009036391284126396, 0.0015025092018687654, 0.006172104730811537, 0.0027329888968056384, 0.013909789113069103, 0.005451760735965133, 0.0008088553177080512, 0.006143335961994612, 0.0024745713847397766, 0.0055726867323427675, 0.006392840201810666, 0.00020154576556497697, 0.003200903482391058, 0.0002539139674559089, 6.783334595298372e-05, 0.002214545376595935, 0.0043563065647982515];

pathway = {'/nfs/masi/kanakap/projects/LR_tract/MASiVar_kids/sub-cIVs001/ses-s1Bx2/tracto_op_1_Lest/tractsegout/TOM_trackings/AF_left.trk';
 '/nfs/masi/kanakap/projects/LR_tract/MASiVar_kids/sub-cIVs001/ses-s1Bx2/tracto_op_1_Lest/tractsegout/TOM_trackings/AF_right.trk';
 '/nfs/masi/kanakap/projects/LR_tract/MASiVar_kids/sub-cIVs001/ses-s1Bx2/tracto_op_1_Lest/tractsegout/TOM_trackings/ATR_left.trk';
 '/nfs/masi/kanakap/projects/LR_tract/MASiVar_kids/sub-cIVs001/ses-s1Bx2/tracto_op_1_Lest/tractsegout/TOM_trackings/ATR_right.trk'
 '/nfs/masi/kanakap/projects/LR_tract/MASiVar_kids/sub-cIVs001/ses-s1Bx2/tracto_op_1_Lest/tractsegout/TOM_trackings/CA.trk';
 '/nfs/masi/kanakap/projects/LR_tract/MASiVar_kids/sub-cIVs001/ses-s1Bx2/tracto_op_1_Lest/tractsegout/TOM_trackings/CC.trk';
 '/nfs/masi/kanakap/projects/LR_tract/MASiVar_kids/sub-cIVs001/ses-s1Bx2/tracto_op_1_Lest/tractsegout/TOM_trackings/CC_1.trk';
 '/nfs/masi/kanakap/projects/LR_tract/MASiVar_kids/sub-cIVs001/ses-s1Bx2/tracto_op_1_Lest/tractsegout/TOM_trackings/CC_2.trk';
 '/nfs/masi/kanakap/projects/LR_tract/MASiVar_kids/sub-cIVs001/ses-s1Bx2/tracto_op_1_Lest/tractsegout/TOM_trackings/CC_3.trk';
 '/nfs/masi/kanakap/projects/LR_tract/MASiVar_kids/sub-cIVs001/ses-s1Bx2/tracto_op_1_Lest/tractsegout/TOM_trackings/CC_4.trk';
 '/nfs/masi/kanakap/projects/LR_tract/MASiVar_kids/sub-cIVs001/ses-s1Bx2/tracto_op_1_Lest/tractsegout/TOM_trackings/CC_5.trk';
 '/nfs/masi/kanakap/projects/LR_tract/MASiVar_kids/sub-cIVs001/ses-s1Bx2/tracto_op_1_Lest/tractsegout/TOM_trackings/CC_6.trk';
 '/nfs/masi/kanakap/projects/LR_tract/MASiVar_kids/sub-cIVs001/ses-s1Bx2/tracto_op_1_Lest/tractsegout/TOM_trackings/CC_7.trk';
 '/nfs/masi/kanakap/projects/LR_tract/MASiVar_kids/sub-cIVs001/ses-s1Bx2/tracto_op_1_Lest/tractsegout/TOM_trackings/CG_left.trk';
 '/nfs/masi/kanakap/projects/LR_tract/MASiVar_kids/sub-cIVs001/ses-s1Bx2/tracto_op_1_Lest/tractsegout/TOM_trackings/CG_right.trk';
 '/nfs/masi/kanakap/projects/LR_tract/MASiVar_kids/sub-cIVs001/ses-s1Bx2/tracto_op_1_Lest/tractsegout/TOM_trackings/CST_left.trk';
 '/nfs/masi/kanakap/projects/LR_tract/MASiVar_kids/sub-cIVs001/ses-s1Bx2/tracto_op_1_Lest/tractsegout/TOM_trackings/CST_right.trk';
 '/nfs/masi/kanakap/projects/LR_tract/MASiVar_kids/sub-cIVs001/ses-s1Bx2/tracto_op_1_Lest/tractsegout/TOM_trackings/FPT_left.trk';
 '/nfs/masi/kanakap/projects/LR_tract/MASiVar_kids/sub-cIVs001/ses-s1Bx2/tracto_op_1_Lest/tractsegout/TOM_trackings/FPT_right.trk';
 '/nfs/masi/kanakap/projects/LR_tract/MASiVar_kids/sub-cIVs001/ses-s1Bx2/tracto_op_1_Lest/tractsegout/TOM_trackings/FX_left.trk';
 '/nfs/masi/kanakap/projects/LR_tract/MASiVar_kids/sub-cIVs001/ses-s1Bx2/tracto_op_1_Lest/tractsegout/TOM_trackings/FX_right.trk';
 '/nfs/masi/kanakap/projects/LR_tract/MASiVar_kids/sub-cIVs001/ses-s1Bx2/tracto_op_1_Lest/tractsegout/TOM_trackings/ICP_left.trk';
 '/nfs/masi/kanakap/projects/LR_tract/MASiVar_kids/sub-cIVs001/ses-s1Bx2/tracto_op_1_Lest/tractsegout/TOM_trackings/ICP_right.trk';
 '/nfs/masi/kanakap/projects/LR_tract/MASiVar_kids/sub-cIVs001/ses-s1Bx2/tracto_op_1_Lest/tractsegout/TOM_trackings/IFO_left.trk';
 '/nfs/masi/kanakap/projects/LR_tract/MASiVar_kids/sub-cIVs001/ses-s1Bx2/tracto_op_1_Lest/tractsegout/TOM_trackings/IFO_right.trk';
 '/nfs/masi/kanakap/projects/LR_tract/MASiVar_kids/sub-cIVs001/ses-s1Bx2/tracto_op_1_Lest/tractsegout/TOM_trackings/ILF_left.trk';
 '/nfs/masi/kanakap/projects/LR_tract/MASiVar_kids/sub-cIVs001/ses-s1Bx2/tracto_op_1_Lest/tractsegout/TOM_trackings/ILF_right.trk';
 '/nfs/masi/kanakap/projects/LR_tract/MASiVar_kids/sub-cIVs001/ses-s1Bx2/tracto_op_1_Lest/tractsegout/TOM_trackings/MCP.trk';
 '/nfs/masi/kanakap/projects/LR_tract/MASiVar_kids/sub-cIVs001/ses-s1Bx2/tracto_op_1_Lest/tractsegout/TOM_trackings/MLF_left.trk';
 '/nfs/masi/kanakap/projects/LR_tract/MASiVar_kids/sub-cIVs001/ses-s1Bx2/tracto_op_1_Lest/tractsegout/TOM_trackings/MLF_right.trk';
 '/nfs/masi/kanakap/projects/LR_tract/MASiVar_kids/sub-cIVs001/ses-s1Bx2/tracto_op_1_Lest/tractsegout/TOM_trackings/OR_left.trk';
 '/nfs/masi/kanakap/projects/LR_tract/MASiVar_kids/sub-cIVs001/ses-s1Bx2/tracto_op_1_Lest/tractsegout/TOM_trackings/OR_right.trk';
 '/nfs/masi/kanakap/projects/LR_tract/MASiVar_kids/sub-cIVs001/ses-s1Bx2/tracto_op_1_Lest/tractsegout/TOM_trackings/POPT_left.trk';
 '/nfs/masi/kanakap/projects/LR_tract/MASiVar_kids/sub-cIVs001/ses-s1Bx2/tracto_op_1_Lest/tractsegout/TOM_trackings/POPT_right.trk';
 '/nfs/masi/kanakap/projects/LR_tract/MASiVar_kids/sub-cIVs001/ses-s1Bx2/tracto_op_1_Lest/tractsegout/TOM_trackings/SCP_left.trk';
 '/nfs/masi/kanakap/projects/LR_tract/MASiVar_kids/sub-cIVs001/ses-s1Bx2/tracto_op_1_Lest/tractsegout/TOM_trackings/SCP_right.trk';
 '/nfs/masi/kanakap/projects/LR_tract/MASiVar_kids/sub-cIVs001/ses-s1Bx2/tracto_op_1_Lest/tractsegout/TOM_trackings/SLF_III_left.trk';
 '/nfs/masi/kanakap/projects/LR_tract/MASiVar_kids/sub-cIVs001/ses-s1Bx2/tracto_op_1_Lest/tractsegout/TOM_trackings/SLF_III_right.trk';
 '/nfs/masi/kanakap/projects/LR_tract/MASiVar_kids/sub-cIVs001/ses-s1Bx2/tracto_op_1_Lest/tractsegout/TOM_trackings/SLF_II_left.trk';
 '/nfs/masi/kanakap/projects/LR_tract/MASiVar_kids/sub-cIVs001/ses-s1Bx2/tracto_op_1_Lest/tractsegout/TOM_trackings/SLF_II_right.trk';
 '/nfs/masi/kanakap/projects/LR_tract/MASiVar_kids/sub-cIVs001/ses-s1Bx2/tracto_op_1_Lest/tractsegout/TOM_trackings/SLF_I_left.trk';
 '/nfs/masi/kanakap/projects/LR_tract/MASiVar_kids/sub-cIVs001/ses-s1Bx2/tracto_op_1_Lest/tractsegout/TOM_trackings/SLF_I_right.trk';
 '/nfs/masi/kanakap/projects/LR_tract/MASiVar_kids/sub-cIVs001/ses-s1Bx2/tracto_op_1_Lest/tractsegout/TOM_trackings/STR_left.trk';
 '/nfs/masi/kanakap/projects/LR_tract/MASiVar_kids/sub-cIVs001/ses-s1Bx2/tracto_op_1_Lest/tractsegout/TOM_trackings/STR_right.trk';
 '/nfs/masi/kanakap/projects/LR_tract/MASiVar_kids/sub-cIVs001/ses-s1Bx2/tracto_op_1_Lest/tractsegout/TOM_trackings/ST_FO_left.trk';
 '/nfs/masi/kanakap/projects/LR_tract/MASiVar_kids/sub-cIVs001/ses-s1Bx2/tracto_op_1_Lest/tractsegout/TOM_trackings/ST_FO_right.trk';
 '/nfs/masi/kanakap/projects/LR_tract/MASiVar_kids/sub-cIVs001/ses-s1Bx2/tracto_op_1_Lest/tractsegout/TOM_trackings/ST_OCC_left.trk';
 '/nfs/masi/kanakap/projects/LR_tract/MASiVar_kids/sub-cIVs001/ses-s1Bx2/tracto_op_1_Lest/tractsegout/TOM_trackings/ST_OCC_right.trk';
