
val = [0.00988958766555617, 0.0074005578699652, 0.006572134684237244, 0.00444202468092267, 0.00024822003481151587, 0.003090512620322562, 0.040199051950051086, 0.009543889355655397, 0.017856310901101343, 0.02295264733695991, 0.032628409997586434, 0.0021214968698966266, 0.11492666740815018, 0.011904118095792334, 0.008764822604087057, 0.00584846951593775, 0.005492194064719558, 0.014408864127447782, 0.012572724193102515, 0.00036814003612059646, 0.00029306637836174675, 0.0005434121191096257, 0.0006242627856525184, 0.002427711011810849, 0.0027301751113333428, 0.0018219554940285627, 0.0029082590886341836, 0.002240475148603511, 0.012493650703941511, 0.0133565535782912, 0.0025020764631877262, 0.0017259312953571099, 0.013364368873732133, 0.013201431294805275, 0.0015030381674275178, 0.0014929683834977402, 0.003953226292034384, 0.005064519376913925, 0.011156034471104673, 0.012603982912539037, 0.021519764005093835, 0.022453686559215317, 0.006717504467353558, 0.00738360979841064, 0.002717067678277771, 0.0024037665618690967, 0.002972917968611083, 0.0023112644657139747, 0.01849278210490517, 0.019190318243386167, 0.011394667844326365, 0.009758639732262559, 0.017205887715478037, 0.01569997966358469, 0.020395073556410515, 0.01976583698712432, 0.009768959449249779, 0.00745828789216001, 0.0030263561896699404, 0.0019495840300957125, 0.019374418361765854, 0.01565291302174632, 0.009289080171816481, 0.0083926521815487, 0.016636957948195707, 0.013317405501229486, 0.018415006180735508, 0.01721923283353159, 0.00899264671018664, 0.008434358260394317, 0.0010823539688912104, 0.0018578795207613121]

pathway = {'/nfs/masi/kanakap/projects/LR_tract/MASiVar_kids/sub-cIVs001/ses-s1Bx2/tracto_op_1_Lest/tractsegout/TOM_trackings/AF_left.trk';
 '/nfs/masi/kanakap/projects/LR_tract/MASiVar_kids/sub-cIVs001/ses-s1Bx2/tracto_op_1_Lest/tractsegout/TOM_trackings/AF_right.trk';
 '/nfs/masi/kanakap/projects/LR_tract/MASiVar_kids/sub-cIVs001/ses-s1Bx2/tracto_op_1_Lest/tractsegout/TOM_trackings/ATR_left.trk';
 '/nfs/masi/kanakap/projects/LR_tract/MASiVar_kids/sub-cIVs001/ses-s1Bx2/tracto_op_1_Lest/tractsegout/TOM_trackings/ATR_right.trk'
 '/nfs/masi/kanakap/projects/LR_tract/MASiVar_kids/sub-cIVs001/ses-s1Bx2/tracto_op_1_Lest/tractsegout/TOM_trackings/CA.trk';
 '/nfs/masi/kanakap/projects/LR_tract/MASiVar_kids/sub-cIVs001/ses-s1Bx2/tracto_op_1_Lest/tractsegout/TOM_trackings/CC.trk';
 '/nfs/masi/kanakap/projects/LR_tract/MASiVar_kids/sub-cIVs001/ses-s1Bx2/tracto_op_1_Lest/tractsegout/TOM_trackings/CC_1.trk';
 '/nfs/masi/kanakap/projects/LR_tract/MASiVar_kids/sub-cIVs001/ses-s1Bx2/tracto_op_1_Lest/tractsegout/TOM_trackings/CC_2.trk';
 '/nfs/masi/kanakap/projects/LR_tract/MASiVar_kids/sub-cIVs001/ses-s1Bx2/tracto_op_1_Lest/tractsegout/TOM_trackings/CC_3.trk';
 '/nfs/masi/kanakap/projects/LR_tract/MASiVar_kids/sub-cIVs001/ses-s1Bx2/tracto_op_1_Lest/tractsegout/TOM_trackings/CC_4.trk';
 '/nfs/masi/kanakap/projects/LR_tract/MASiVar_kids/sub-cIVs001/ses-s1Bx2/tracto_op_1_Lest/tractsegout/TOM_trackings/CC_5.trk';
 '/nfs/masi/kanakap/projects/LR_tract/MASiVar_kids/sub-cIVs001/ses-s1Bx2/tracto_op_1_Lest/tractsegout/TOM_trackings/CC_6.trk';
 '/nfs/masi/kanakap/projects/LR_tract/MASiVar_kids/sub-cIVs001/ses-s1Bx2/tracto_op_1_Lest/tractsegout/TOM_trackings/CC_7.trk';
 '/nfs/masi/kanakap/projects/LR_tract/MASiVar_kids/sub-cIVs001/ses-s1Bx2/tracto_op_1_Lest/tractsegout/TOM_trackings/CG_left.trk';
 '/nfs/masi/kanakap/projects/LR_tract/MASiVar_kids/sub-cIVs001/ses-s1Bx2/tracto_op_1_Lest/tractsegout/TOM_trackings/CG_right.trk';
 '/nfs/masi/kanakap/projects/LR_tract/MASiVar_kids/sub-cIVs001/ses-s1Bx2/tracto_op_1_Lest/tractsegout/TOM_trackings/CST_left.trk';
 '/nfs/masi/kanakap/projects/LR_tract/MASiVar_kids/sub-cIVs001/ses-s1Bx2/tracto_op_1_Lest/tractsegout/TOM_trackings/CST_right.trk';
 '/nfs/masi/kanakap/projects/LR_tract/MASiVar_kids/sub-cIVs001/ses-s1Bx2/tracto_op_1_Lest/tractsegout/TOM_trackings/FPT_left.trk';
 '/nfs/masi/kanakap/projects/LR_tract/MASiVar_kids/sub-cIVs001/ses-s1Bx2/tracto_op_1_Lest/tractsegout/TOM_trackings/FPT_right.trk';
 '/nfs/masi/kanakap/projects/LR_tract/MASiVar_kids/sub-cIVs001/ses-s1Bx2/tracto_op_1_Lest/tractsegout/TOM_trackings/FX_left.trk';
 '/nfs/masi/kanakap/projects/LR_tract/MASiVar_kids/sub-cIVs001/ses-s1Bx2/tracto_op_1_Lest/tractsegout/TOM_trackings/FX_right.trk';
 '/nfs/masi/kanakap/projects/LR_tract/MASiVar_kids/sub-cIVs001/ses-s1Bx2/tracto_op_1_Lest/tractsegout/TOM_trackings/ICP_left.trk';
 '/nfs/masi/kanakap/projects/LR_tract/MASiVar_kids/sub-cIVs001/ses-s1Bx2/tracto_op_1_Lest/tractsegout/TOM_trackings/ICP_right.trk';
 '/nfs/masi/kanakap/projects/LR_tract/MASiVar_kids/sub-cIVs001/ses-s1Bx2/tracto_op_1_Lest/tractsegout/TOM_trackings/IFO_left.trk';
 '/nfs/masi/kanakap/projects/LR_tract/MASiVar_kids/sub-cIVs001/ses-s1Bx2/tracto_op_1_Lest/tractsegout/TOM_trackings/IFO_right.trk';
 '/nfs/masi/kanakap/projects/LR_tract/MASiVar_kids/sub-cIVs001/ses-s1Bx2/tracto_op_1_Lest/tractsegout/TOM_trackings/ILF_left.trk';
 '/nfs/masi/kanakap/projects/LR_tract/MASiVar_kids/sub-cIVs001/ses-s1Bx2/tracto_op_1_Lest/tractsegout/TOM_trackings/ILF_right.trk';
 '/nfs/masi/kanakap/projects/LR_tract/MASiVar_kids/sub-cIVs001/ses-s1Bx2/tracto_op_1_Lest/tractsegout/TOM_trackings/MCP.trk';
 '/nfs/masi/kanakap/projects/LR_tract/MASiVar_kids/sub-cIVs001/ses-s1Bx2/tracto_op_1_Lest/tractsegout/TOM_trackings/MLF_left.trk';
 '/nfs/masi/kanakap/projects/LR_tract/MASiVar_kids/sub-cIVs001/ses-s1Bx2/tracto_op_1_Lest/tractsegout/TOM_trackings/MLF_right.trk';
 '/nfs/masi/kanakap/projects/LR_tract/MASiVar_kids/sub-cIVs001/ses-s1Bx2/tracto_op_1_Lest/tractsegout/TOM_trackings/OR_left.trk';
 '/nfs/masi/kanakap/projects/LR_tract/MASiVar_kids/sub-cIVs001/ses-s1Bx2/tracto_op_1_Lest/tractsegout/TOM_trackings/OR_right.trk';
 '/nfs/masi/kanakap/projects/LR_tract/MASiVar_kids/sub-cIVs001/ses-s1Bx2/tracto_op_1_Lest/tractsegout/TOM_trackings/POPT_left.trk';
 '/nfs/masi/kanakap/projects/LR_tract/MASiVar_kids/sub-cIVs001/ses-s1Bx2/tracto_op_1_Lest/tractsegout/TOM_trackings/POPT_right.trk';
 '/nfs/masi/kanakap/projects/LR_tract/MASiVar_kids/sub-cIVs001/ses-s1Bx2/tracto_op_1_Lest/tractsegout/TOM_trackings/SCP_left.trk';
 '/nfs/masi/kanakap/projects/LR_tract/MASiVar_kids/sub-cIVs001/ses-s1Bx2/tracto_op_1_Lest/tractsegout/TOM_trackings/SCP_right.trk';
 '/nfs/masi/kanakap/projects/LR_tract/MASiVar_kids/sub-cIVs001/ses-s1Bx2/tracto_op_1_Lest/tractsegout/TOM_trackings/SLF_III_left.trk';
 '/nfs/masi/kanakap/projects/LR_tract/MASiVar_kids/sub-cIVs001/ses-s1Bx2/tracto_op_1_Lest/tractsegout/TOM_trackings/SLF_III_right.trk';
 '/nfs/masi/kanakap/projects/LR_tract/MASiVar_kids/sub-cIVs001/ses-s1Bx2/tracto_op_1_Lest/tractsegout/TOM_trackings/SLF_II_left.trk';
 '/nfs/masi/kanakap/projects/LR_tract/MASiVar_kids/sub-cIVs001/ses-s1Bx2/tracto_op_1_Lest/tractsegout/TOM_trackings/SLF_II_right.trk';
 '/nfs/masi/kanakap/projects/LR_tract/MASiVar_kids/sub-cIVs001/ses-s1Bx2/tracto_op_1_Lest/tractsegout/TOM_trackings/SLF_I_left.trk';
 '/nfs/masi/kanakap/projects/LR_tract/MASiVar_kids/sub-cIVs001/ses-s1Bx2/tracto_op_1_Lest/tractsegout/TOM_trackings/SLF_I_right.trk';
 '/nfs/masi/kanakap/projects/LR_tract/MASiVar_kids/sub-cIVs001/ses-s1Bx2/tracto_op_1_Lest/tractsegout/TOM_trackings/STR_left.trk';
 '/nfs/masi/kanakap/projects/LR_tract/MASiVar_kids/sub-cIVs001/ses-s1Bx2/tracto_op_1_Lest/tractsegout/TOM_trackings/STR_right.trk';
 '/nfs/masi/kanakap/projects/LR_tract/MASiVar_kids/sub-cIVs001/ses-s1Bx2/tracto_op_1_Lest/tractsegout/TOM_trackings/ST_FO_left.trk';
 '/nfs/masi/kanakap/projects/LR_tract/MASiVar_kids/sub-cIVs001/ses-s1Bx2/tracto_op_1_Lest/tractsegout/TOM_trackings/ST_FO_right.trk';
 '/nfs/masi/kanakap/projects/LR_tract/MASiVar_kids/sub-cIVs001/ses-s1Bx2/tracto_op_1_Lest/tractsegout/TOM_trackings/ST_OCC_left.trk';
 '/nfs/masi/kanakap/projects/LR_tract/MASiVar_kids/sub-cIVs001/ses-s1Bx2/tracto_op_1_Lest/tractsegout/TOM_trackings/ST_OCC_right.trk';
