
val = [0.011377697417237697, 0.011656872934331878, 0.010635060597369649, 0.00977236492278692, 0.0002926383165602209, 0.003483420092537474, 0.057651641675920816, 0.0062631926871304045, 0.009625382700298621, 0.010948148316496677, 0.030729446922561188, 0.0033333348667404744, 0.14017303840545292, 0.010420199900995596, 0.008039354387738548, 0.0026592722415099772, 0.0026505287190859757, 0.008718675947692208, 0.009717018428344064, 0.00015074397073292273, 0.00014380416746891765, 0.00032021528070473983, 0.0003805509087987806, 0.0050195406552426165, 0.006920967789624574, 0.0020303820130039853, 0.00389059255933072, 0.0016167011970156303, 0.01900434275354729, 0.023628975166410333, 0.0036832601872376185, 0.0031206205799101942, 0.008788326053906866, 0.008848119882065018, 0.0005593241817574173, 0.0010340922174761752, 0.004202385342032156, 0.008478317394661032, 0.009500796059062962, 0.018394673395963138, 0.014216771182697405, 0.017342578620888123, 0.0026493259232142335, 0.003450025873093485, 0.004829599080486123, 0.004691383404463259, 0.005260873173107035, 0.005297089870143833, 0.01702624218956492, 0.020210798955343185, 0.008048265621639406, 0.007962887786715604, 0.010974488795584568, 0.012318888268364948, 0.02598607208453662, 0.03302813696246934, 0.007921913445910587, 0.007313863290826704, 0.0051283988517938535, 0.00373510010031969, 0.015873491052139123, 0.013405533841275446, 0.005457740259429645, 0.0055753745063752995, 0.00927217752162929, 0.009151568295582236, 0.017075573959141978, 0.022711804221255315, 0.0057074655748202965, 0.007225617138462444, 0.0017140377161913853, 0.0036189380609468894];


pathway = {'/nfs/masi/kanakap/projects/LR_tract/MASiVar_kids/sub-cIVs001/ses-s1Bx2/tracto_op_1_Lest/tractsegout/TOM_trackings/AF_left.trk';
 '/nfs/masi/kanakap/projects/LR_tract/MASiVar_kids/sub-cIVs001/ses-s1Bx2/tracto_op_1_Lest/tractsegout/TOM_trackings/AF_right.trk';
 '/nfs/masi/kanakap/projects/LR_tract/MASiVar_kids/sub-cIVs001/ses-s1Bx2/tracto_op_1_Lest/tractsegout/TOM_trackings/ATR_left.trk';
 '/nfs/masi/kanakap/projects/LR_tract/MASiVar_kids/sub-cIVs001/ses-s1Bx2/tracto_op_1_Lest/tractsegout/TOM_trackings/ATR_right.trk'
 '/nfs/masi/kanakap/projects/LR_tract/MASiVar_kids/sub-cIVs001/ses-s1Bx2/tracto_op_1_Lest/tractsegout/TOM_trackings/CA.trk';
 '/nfs/masi/kanakap/projects/LR_tract/MASiVar_kids/sub-cIVs001/ses-s1Bx2/tracto_op_1_Lest/tractsegout/TOM_trackings/CC.trk';
 '/nfs/masi/kanakap/projects/LR_tract/MASiVar_kids/sub-cIVs001/ses-s1Bx2/tracto_op_1_Lest/tractsegout/TOM_trackings/CC_1.trk';
 '/nfs/masi/kanakap/projects/LR_tract/MASiVar_kids/sub-cIVs001/ses-s1Bx2/tracto_op_1_Lest/tractsegout/TOM_trackings/CC_2.trk';
 '/nfs/masi/kanakap/projects/LR_tract/MASiVar_kids/sub-cIVs001/ses-s1Bx2/tracto_op_1_Lest/tractsegout/TOM_trackings/CC_3.trk';
 '/nfs/masi/kanakap/projects/LR_tract/MASiVar_kids/sub-cIVs001/ses-s1Bx2/tracto_op_1_Lest/tractsegout/TOM_trackings/CC_4.trk';
 '/nfs/masi/kanakap/projects/LR_tract/MASiVar_kids/sub-cIVs001/ses-s1Bx2/tracto_op_1_Lest/tractsegout/TOM_trackings/CC_5.trk';
 '/nfs/masi/kanakap/projects/LR_tract/MASiVar_kids/sub-cIVs001/ses-s1Bx2/tracto_op_1_Lest/tractsegout/TOM_trackings/CC_6.trk';
 '/nfs/masi/kanakap/projects/LR_tract/MASiVar_kids/sub-cIVs001/ses-s1Bx2/tracto_op_1_Lest/tractsegout/TOM_trackings/CC_7.trk';
 '/nfs/masi/kanakap/projects/LR_tract/MASiVar_kids/sub-cIVs001/ses-s1Bx2/tracto_op_1_Lest/tractsegout/TOM_trackings/CG_left.trk';
 '/nfs/masi/kanakap/projects/LR_tract/MASiVar_kids/sub-cIVs001/ses-s1Bx2/tracto_op_1_Lest/tractsegout/TOM_trackings/CG_right.trk';
 '/nfs/masi/kanakap/projects/LR_tract/MASiVar_kids/sub-cIVs001/ses-s1Bx2/tracto_op_1_Lest/tractsegout/TOM_trackings/CST_left.trk';
 '/nfs/masi/kanakap/projects/LR_tract/MASiVar_kids/sub-cIVs001/ses-s1Bx2/tracto_op_1_Lest/tractsegout/TOM_trackings/CST_right.trk';
 '/nfs/masi/kanakap/projects/LR_tract/MASiVar_kids/sub-cIVs001/ses-s1Bx2/tracto_op_1_Lest/tractsegout/TOM_trackings/FPT_left.trk';
 '/nfs/masi/kanakap/projects/LR_tract/MASiVar_kids/sub-cIVs001/ses-s1Bx2/tracto_op_1_Lest/tractsegout/TOM_trackings/FPT_right.trk';
 '/nfs/masi/kanakap/projects/LR_tract/MASiVar_kids/sub-cIVs001/ses-s1Bx2/tracto_op_1_Lest/tractsegout/TOM_trackings/FX_left.trk';
 '/nfs/masi/kanakap/projects/LR_tract/MASiVar_kids/sub-cIVs001/ses-s1Bx2/tracto_op_1_Lest/tractsegout/TOM_trackings/FX_right.trk';
 '/nfs/masi/kanakap/projects/LR_tract/MASiVar_kids/sub-cIVs001/ses-s1Bx2/tracto_op_1_Lest/tractsegout/TOM_trackings/ICP_left.trk';
 '/nfs/masi/kanakap/projects/LR_tract/MASiVar_kids/sub-cIVs001/ses-s1Bx2/tracto_op_1_Lest/tractsegout/TOM_trackings/ICP_right.trk';
 '/nfs/masi/kanakap/projects/LR_tract/MASiVar_kids/sub-cIVs001/ses-s1Bx2/tracto_op_1_Lest/tractsegout/TOM_trackings/IFO_left.trk';
 '/nfs/masi/kanakap/projects/LR_tract/MASiVar_kids/sub-cIVs001/ses-s1Bx2/tracto_op_1_Lest/tractsegout/TOM_trackings/IFO_right.trk';
 '/nfs/masi/kanakap/projects/LR_tract/MASiVar_kids/sub-cIVs001/ses-s1Bx2/tracto_op_1_Lest/tractsegout/TOM_trackings/ILF_left.trk';
 '/nfs/masi/kanakap/projects/LR_tract/MASiVar_kids/sub-cIVs001/ses-s1Bx2/tracto_op_1_Lest/tractsegout/TOM_trackings/ILF_right.trk';
 '/nfs/masi/kanakap/projects/LR_tract/MASiVar_kids/sub-cIVs001/ses-s1Bx2/tracto_op_1_Lest/tractsegout/TOM_trackings/MCP.trk';
 '/nfs/masi/kanakap/projects/LR_tract/MASiVar_kids/sub-cIVs001/ses-s1Bx2/tracto_op_1_Lest/tractsegout/TOM_trackings/MLF_left.trk';
 '/nfs/masi/kanakap/projects/LR_tract/MASiVar_kids/sub-cIVs001/ses-s1Bx2/tracto_op_1_Lest/tractsegout/TOM_trackings/MLF_right.trk';
 '/nfs/masi/kanakap/projects/LR_tract/MASiVar_kids/sub-cIVs001/ses-s1Bx2/tracto_op_1_Lest/tractsegout/TOM_trackings/OR_left.trk';
 '/nfs/masi/kanakap/projects/LR_tract/MASiVar_kids/sub-cIVs001/ses-s1Bx2/tracto_op_1_Lest/tractsegout/TOM_trackings/OR_right.trk';
 '/nfs/masi/kanakap/projects/LR_tract/MASiVar_kids/sub-cIVs001/ses-s1Bx2/tracto_op_1_Lest/tractsegout/TOM_trackings/POPT_left.trk';
 '/nfs/masi/kanakap/projects/LR_tract/MASiVar_kids/sub-cIVs001/ses-s1Bx2/tracto_op_1_Lest/tractsegout/TOM_trackings/POPT_right.trk';
 '/nfs/masi/kanakap/projects/LR_tract/MASiVar_kids/sub-cIVs001/ses-s1Bx2/tracto_op_1_Lest/tractsegout/TOM_trackings/SCP_left.trk';
 '/nfs/masi/kanakap/projects/LR_tract/MASiVar_kids/sub-cIVs001/ses-s1Bx2/tracto_op_1_Lest/tractsegout/TOM_trackings/SCP_right.trk';
 '/nfs/masi/kanakap/projects/LR_tract/MASiVar_kids/sub-cIVs001/ses-s1Bx2/tracto_op_1_Lest/tractsegout/TOM_trackings/SLF_III_left.trk';
 '/nfs/masi/kanakap/projects/LR_tract/MASiVar_kids/sub-cIVs001/ses-s1Bx2/tracto_op_1_Lest/tractsegout/TOM_trackings/SLF_III_right.trk';
 '/nfs/masi/kanakap/projects/LR_tract/MASiVar_kids/sub-cIVs001/ses-s1Bx2/tracto_op_1_Lest/tractsegout/TOM_trackings/SLF_II_left.trk';
 '/nfs/masi/kanakap/projects/LR_tract/MASiVar_kids/sub-cIVs001/ses-s1Bx2/tracto_op_1_Lest/tractsegout/TOM_trackings/SLF_II_right.trk';
 '/nfs/masi/kanakap/projects/LR_tract/MASiVar_kids/sub-cIVs001/ses-s1Bx2/tracto_op_1_Lest/tractsegout/TOM_trackings/SLF_I_left.trk';
 '/nfs/masi/kanakap/projects/LR_tract/MASiVar_kids/sub-cIVs001/ses-s1Bx2/tracto_op_1_Lest/tractsegout/TOM_trackings/SLF_I_right.trk';
 '/nfs/masi/kanakap/projects/LR_tract/MASiVar_kids/sub-cIVs001/ses-s1Bx2/tracto_op_1_Lest/tractsegout/TOM_trackings/STR_left.trk';
 '/nfs/masi/kanakap/projects/LR_tract/MASiVar_kids/sub-cIVs001/ses-s1Bx2/tracto_op_1_Lest/tractsegout/TOM_trackings/STR_right.trk';
 '/nfs/masi/kanakap/projects/LR_tract/MASiVar_kids/sub-cIVs001/ses-s1Bx2/tracto_op_1_Lest/tractsegout/TOM_trackings/ST_FO_left.trk';
 '/nfs/masi/kanakap/projects/LR_tract/MASiVar_kids/sub-cIVs001/ses-s1Bx2/tracto_op_1_Lest/tractsegout/TOM_trackings/ST_FO_right.trk';
 '/nfs/masi/kanakap/projects/LR_tract/MASiVar_kids/sub-cIVs001/ses-s1Bx2/tracto_op_1_Lest/tractsegout/TOM_trackings/ST_OCC_left.trk';
 '/nfs/masi/kanakap/projects/LR_tract/MASiVar_kids/sub-cIVs001/ses-s1Bx2/tracto_op_1_Lest/tractsegout/TOM_trackings/ST_OCC_right.trk';
