g = [-0.000737 0.79383 0.63632 -0.14534 -0.39912 -0.88473 0.00085899 -0.79467 -0.63582 0.14533 0.40187 0.88477 -7.9318e-05 0.79476 0.63663 -0.14582 -0.40024 -0.8847 0.00049209 -0.79459 -0.63547 0.14507 0.40208 0.8848; 0.00026791 -0.41093 0.62867 -0.88214 0.80005 -0.13373 -0.011141 0.40563 -0.63384 0.8776 -0.80358 0.13066 0.002404 -0.41038 0.6287 -0.88172 0.8001 -0.13313 -0.0079338 0.40713 -0.63292 0.87872 -0.80275 0.13122; 1 0.44829 0.44707 0.448 0.44791 0.44652 0.99994 0.45163 0.44044 0.45684 0.43904 0.44733 1 0.44715 0.44659 0.44867 0.44682 0.44675 0.99997 0.45042 0.44225 0.45476 0.44037 0.44712];

b = [1000 1000 1000 1000 1000 1000 1000 1000 1000 1000 1000 1000 2000 2000 2000 2000 2000 2000 2000 2000 2000 2000 2000 2000];
